_NF1,20181228,09:15,10859.65,10871.0,10851.45,10871.0,172875
_NF1,20181228,09:16,10869.2,10879.0,10869.2,10878.1,137850
_NF1,20181228,09:17,10878.75,10884.0,10878.15,10879.15,152325
_NF1,20181228,09:18,10880.35,10885.95,10877.5,10880.15,137925
_NF1,20181228,09:19,10880.05,10888.3,10880.05,10884.95,90150
_NF1,20181228,09:20,10884.2,10895.0,10883.7,10888.95,128400
_NF1,20181228,09:21,10888.55,10898.1,10887.95,10895.2,77025
_NF1,20181228,09:22,10894.85,10896.65,10892.6,10895.0,57150
_NF1,20181228,09:23,10896.0,10896.0,10890.0,10890.0,49050
_NF1,20181228,09:24,10890.0,10891.0,10887.05,10888.25,58425
_NF1,20181228,09:25,10888.95,10889.3,10886.15,10887.05,51900
_NF1,20181228,09:26,10886.55,10895.95,10885.35,10895.0,45150
_NF1,20181228,09:27,10895.3,10896.6,10893.0,10894.15,34875
_NF1,20181228,09:28,10894.15,10895.2,10891.0,10891.5,35850
_NF1,20181228,09:29,10891.4,10894.45,10889.75,10891.35,28950
_NF1,20181228,09:30,10892.1,10899.4,10891.75,10899.05,66150
_NF1,20181228,09:31,10899.85,10907.0,10898.85,10907.0,136725
_NF1,20181228,09:32,10904.55,10906.95,10901.7,10905.45,51825
_NF1,20181228,09:33,10905.45,10907.3,10903.05,10904.8,50925
_NF1,20181228,09:34,10904.8,10905.55,10902.1,10904.65,26400
_NF1,20181228,09:35,10903.3,10907.0,10902.1,10907.0,37725
_NF1,20181228,09:36,10906.4,10908.0,10905.0,10907.0,33750
_NF1,20181228,09:37,10908.0,10912.4,10908.0,10910.9,87075
_NF1,20181228,09:38,10911.0,10912.0,10906.05,10906.05,67200
_NF1,20181228,09:39,10906.65,10910.85,10903.55,10907.5,42600
_NF1,20181228,09:40,10907.0,10911.5,10906.05,10910.1,36225
_NF1,20181228,09:41,10910.1,10914.95,10910.05,10913.0,57300
_NF1,20181228,09:42,10913.05,10913.8,10910.0,10911.4,46050
_NF1,20181228,09:43,10911.95,10917.0,10911.95,10916.1,60675
_NF1,20181228,09:44,10916.65,10922.4,10915.2,10916.05,115350
_NF1,20181228,09:45,10917.0,10920.95,10916.15,10918.0,49650
_NF1,20181228,09:46,10917.6,10923.0,10917.55,10922.7,49050
_NF1,20181228,09:47,10922.7,10923.05,10919.0,10919.0,48075
_NF1,20181228,09:48,10919.0,10919.0,10913.3,10917.75,39825
_NF1,20181228,09:49,10917.75,10918.0,10913.55,10914.15,25875
_NF1,20181228,09:50,10914.05,10915.0,10911.55,10911.55,19725
_NF1,20181228,09:51,10913.0,10915.05,10912.1,10913.3,22575
_NF1,20181228,09:52,10912.6,10913.2,10906.9,10906.9,35925
_NF1,20181228,09:53,10907.1,10911.3,10907.0,10911.05,39075
_NF1,20181228,09:54,10911.05,10915.0,10911.05,10913.4,18525
_NF1,20181228,09:55,10913.45,10914.95,10910.0,10911.0,19950
_NF1,20181228,09:56,10911.0,10911.55,10907.0,10908.3,15900
_NF1,20181228,09:57,10907.7,10911.0,10906.25,10907.1,19875
_NF1,20181228,09:58,10907.05,10912.45,10907.05,10912.45,13050
_NF1,20181228,09:59,10912.5,10916.0,10912.5,10914.0,19575
_NF1,20181228,10:00,10913.35,10919.0,10913.35,10919.0,18075
_NF1,20181228,10:01,10918.9,10920.0,10916.0,10918.95,17625
_NF1,20181228,10:02,10918.95,10920.6,10915.55,10917.15,29775
_NF1,20181228,10:03,10917.15,10918.85,10916.0,10918.05,11325
_NF1,20181228,10:04,10918.05,10919.8,10914.1,10915.55,16650
_NF1,20181228,10:05,10915.55,10915.55,10911.2,10911.5,11775
_NF1,20181228,10:06,10911.7,10916.8,10911.7,10916.7,15450
_NF1,20181228,10:07,10916.7,10918.0,10916.05,10917.05,9600
_NF1,20181228,10:08,10917.0,10920.0,10915.95,10917.0,30000
_NF1,20181228,10:09,10917.5,10923.05,10915.3,10916.65,26475
_NF1,20181228,10:10,10916.05,10918.45,10915.15,10916.0,8175
_NF1,20181228,10:11,10916.0,10918.85,10915.75,10916.25,12225
_NF1,20181228,10:12,10916.25,10921.4,10916.05,10919.85,14250
_NF1,20181228,10:13,10919.95,10923.4,10917.5,10923.4,16950
_NF1,20181228,10:14,10923.5,10926.75,10922.25,10924.55,69900
_NF1,20181228,10:15,10923.95,10925.0,10921.65,10924.0,15600
_NF1,20181228,10:16,10924.0,10929.65,10922.95,10928.0,34950
_NF1,20181228,10:17,10929.05,10933.05,10928.55,10928.55,78150
_NF1,20181228,10:18,10929.15,10930.0,10925.4,10926.1,22125
_NF1,20181228,10:19,10927.0,10928.35,10925.4,10926.05,15675
_NF1,20181228,10:20,10926.05,10926.95,10922.65,10923.9,19350
_NF1,20181228,10:21,10924.85,10925.75,10921.0,10921.0,19125
_NF1,20181228,10:22,10921.0,10924.5,10921.0,10922.6,13875
_NF1,20181228,10:23,10922.6,10926.65,10922.05,10925.2,15375
_NF1,20181228,10:24,10924.3,10929.0,10924.15,10927.45,10725
_NF1,20181228,10:25,10927.45,10929.0,10925.5,10926.0,13200
_NF1,20181228,10:26,10926.2,10927.2,10923.1,10924.05,12600
_NF1,20181228,10:27,10924.3,10927.2,10923.55,10926.2,9375
_NF1,20181228,10:28,10926.9,10929.95,10926.1,10928.05,18075
_NF1,20181228,10:29,10928.05,10928.15,10925.2,10925.45,13350
_NF1,20181228,10:30,10924.0,10929.4,10924.0,10928.0,16725
_NF1,20181228,10:31,10927.45,10930.0,10927.2,10928.15,24375
_NF1,20181228,10:32,10929.0,10929.5,10927.2,10928.05,9000
_NF1,20181228,10:33,10928.05,10928.05,10926.1,10927.05,9150
_NF1,20181228,10:34,10927.05,10929.95,10925.0,10925.0,16575
_NF1,20181228,10:35,10924.9,10926.95,10921.25,10921.6,15900
_NF1,20181228,10:36,10921.55,10927.0,10920.55,10920.55,18000
_NF1,20181228,10:37,10920.2,10921.2,10915.85,10915.85,43575
_NF1,20181228,10:38,10916.75,10916.95,10914.75,10916.65,24600
_NF1,20181228,10:39,10916.0,10922.5,10916.0,10921.85,13800
_NF1,20181228,10:40,10921.85,10925.95,10920.9,10924.1,6450
_NF1,20181228,10:41,10924.2,10927.6,10921.0,10922.0,22125
_NF1,20181228,10:42,10922.0,10922.0,10918.2,10920.7,14025
_NF1,20181228,10:43,10921.65,10923.0,10919.15,10921.5,8025
_NF1,20181228,10:44,10921.5,10922.95,10917.55,10918.1,12375
_NF1,20181228,10:45,10918.1,10919.55,10915.85,10917.3,11775
_NF1,20181228,10:46,10918.0,10921.0,10918.0,10919.0,10950
_NF1,20181228,10:47,10919.0,10919.0,10916.0,10918.9,8550
_NF1,20181228,10:48,10917.65,10919.0,10916.5,10916.8,9300
_NF1,20181228,10:49,10916.3,10918.95,10916.2,10917.3,9000
_NF1,20181228,10:50,10917.3,10920.0,10916.2,10918.55,7950
_NF1,20181228,10:51,10920.0,10921.2,10918.1,10919.5,10725
_NF1,20181228,10:52,10920.1,10924.3,10919.8,10922.7,9450
_NF1,20181228,10:53,10922.7,10925.95,10922.15,10925.95,8625
_NF1,20181228,10:54,10925.0,10929.15,10924.9,10925.15,18975
_NF1,20181228,10:55,10925.15,10926.1,10923.95,10923.95,5700
_NF1,20181228,10:56,10923.9,10924.0,10920.2,10920.2,8625
_NF1,20181228,10:57,10920.2,10924.0,10919.7,10923.05,7050
_NF1,20181228,10:58,10924.1,10924.85,10922.5,10922.5,4425
_NF1,20181228,10:59,10922.5,10926.65,10921.5,10924.1,15300
_NF1,20181228,11:00,10924.1,10926.95,10923.55,10925.0,5925
_NF1,20181228,11:01,10924.3,10928.9,10924.0,10924.0,7425
_NF1,20181228,11:02,10924.0,10924.85,10917.55,10919.85,12150
_NF1,20181228,11:03,10919.85,10920.6,10917.5,10919.45,13425
_NF1,20181228,11:04,10919.45,10920.35,10915.0,10919.2,16500
_NF1,20181228,11:05,10919.2,10921.3,10918.6,10919.85,3900
_NF1,20181228,11:06,10919.0,10920.4,10916.55,10916.55,8925
_NF1,20181228,11:07,10916.55,10920.7,10916.55,10920.7,9150
_NF1,20181228,11:08,10920.05,10922.15,10920.0,10922.0,8175
_NF1,20181228,11:09,10922.0,10924.9,10922.0,10924.05,6975
_NF1,20181228,11:10,10924.9,10927.95,10923.0,10925.0,13125
_NF1,20181228,11:11,10925.0,10927.05,10925.0,10926.8,5775
_NF1,20181228,11:12,10926.8,10927.8,10926.2,10926.55,7200
_NF1,20181228,11:13,10926.55,10927.5,10925.2,10925.95,6225
_NF1,20181228,11:14,10926.75,10926.95,10925.0,10925.0,4200
_NF1,20181228,11:15,10925.0,10925.0,10921.75,10922.0,8700
_NF1,20181228,11:16,10922.0,10922.8,10921.0,10921.1,12600
_NF1,20181228,11:17,10921.1,10922.2,10920.0,10921.9,14025
_NF1,20181228,11:18,10921.8,10921.8,10917.0,10917.9,10800
_NF1,20181228,11:19,10917.6,10920.1,10916.1,10920.1,8100
_NF1,20181228,11:20,10920.0,10922.65,10920.0,10920.1,7725
_NF1,20181228,11:21,10920.1,10922.0,10920.0,10921.05,4200
_NF1,20181228,11:22,10921.2,10922.6,10920.0,10920.1,6075
_NF1,20181228,11:23,10922.0,10922.6,10920.75,10922.6,6750
_NF1,20181228,11:24,10922.6,10925.0,10922.05,10924.0,5700
_NF1,20181228,11:25,10925.0,10925.0,10923.3,10924.2,8025
_NF1,20181228,11:26,10924.2,10926.0,10924.2,10924.95,8625
_NF1,20181228,11:27,10924.95,10924.95,10920.55,10920.7,3150
_NF1,20181228,11:28,10920.7,10923.0,10920.3,10921.95,6000
_NF1,20181228,11:29,10921.05,10924.0,10920.45,10923.95,4575
_NF1,20181228,11:30,10923.95,10924.35,10920.0,10920.5,13275
_NF1,20181228,11:31,10920.5,10922.3,10920.2,10922.0,11400
_NF1,20181228,11:32,10922.0,10923.0,10921.2,10922.85,5250
_NF1,20181228,11:33,10922.85,10924.0,10922.05,10922.05,6150
_NF1,20181228,11:34,10923.25,10923.35,10921.9,10921.9,4050
_NF1,20181228,11:35,10921.9,10922.9,10920.0,10922.6,11625
_NF1,20181228,11:36,10922.6,10924.0,10921.0,10922.0,9750
_NF1,20181228,11:37,10922.0,10923.8,10921.0,10922.65,7350
_NF1,20181228,11:38,10923.35,10923.35,10920.5,10921.0,8175
_NF1,20181228,11:39,10921.0,10921.0,10917.05,10917.6,14025
_NF1,20181228,11:40,10917.45,10918.3,10913.8,10915.1,22500
_NF1,20181228,11:41,10915.0,10915.0,10908.2,10910.75,47775
_NF1,20181228,11:42,10911.85,10914.25,10909.75,10913.75,19500
_NF1,20181228,11:43,10913.75,10914.25,10912.5,10914.0,6525
_NF1,20181228,11:44,10913.95,10913.95,10909.0,10910.0,14775
_NF1,20181228,11:45,10909.0,10913.7,10909.0,10912.05,17250
_NF1,20181228,11:46,10912.05,10918.75,10912.0,10918.75,11775
_NF1,20181228,11:47,10919.0,10919.55,10917.0,10917.0,7275
_NF1,20181228,11:48,10917.05,10920.4,10917.05,10920.4,15825
_NF1,20181228,11:49,10920.4,10923.95,10920.4,10921.55,25200
_NF1,20181228,11:50,10921.55,10923.0,10918.2,10918.9,18525
_NF1,20181228,11:51,10918.9,10922.15,10918.25,10921.1,8175
_NF1,20181228,11:52,10921.1,10921.1,10918.2,10919.2,10200
_NF1,20181228,11:53,10919.2,10921.75,10919.2,10921.5,6450
_NF1,20181228,11:54,10921.5,10923.0,10920.0,10923.0,9300
_NF1,20181228,11:55,10922.75,10926.0,10922.5,10923.85,17550
_NF1,20181228,11:56,10924.95,10926.4,10923.85,10924.95,14925
_NF1,20181228,11:57,10925.0,10926.3,10924.4,10926.25,8175
_NF1,20181228,11:58,10926.25,10927.35,10926.05,10927.0,12300
_NF1,20181228,11:59,10927.5,10927.95,10926.6,10926.6,11400
_NF1,20181228,12:00,10926.6,10926.85,10920.1,10922.2,12750
_NF1,20181228,12:01,10922.15,10922.15,10920.1,10921.9,5625
_NF1,20181228,12:02,10921.9,10924.45,10921.9,10924.45,3900
_NF1,20181228,12:03,10924.8,10926.5,10924.0,10924.4,11850
_NF1,20181228,12:04,10926.05,10928.0,10925.0,10926.75,14475
_NF1,20181228,12:05,10926.75,10928.0,10925.05,10927.0,8175
_NF1,20181228,12:06,10927.0,10927.35,10924.8,10925.0,9375
_NF1,20181228,12:07,10925.0,10926.0,10924.65,10924.95,7275
_NF1,20181228,12:08,10924.95,10926.1,10924.95,10925.95,5550
_NF1,20181228,12:09,10925.95,10929.0,10925.95,10928.5,15825
_NF1,20181228,12:10,10928.95,10930.0,10928.95,10929.1,22350
_NF1,20181228,12:11,10929.05,10938.4,10929.05,10938.15,152325
_NF1,20181228,12:12,10937.45,10939.25,10932.55,10933.0,33750
_NF1,20181228,12:13,10932.05,10932.9,10929.2,10932.45,17100
_NF1,20181228,12:14,10932.45,10933.0,10930.0,10930.05,10800
_NF1,20181228,12:15,10930.25,10933.0,10930.0,10931.0,13275
_NF1,20181228,12:16,10930.95,10932.0,10929.95,10929.95,9300
_NF1,20181228,12:17,10928.15,10929.95,10926.5,10926.8,8700
_NF1,20181228,12:18,10926.8,10927.5,10926.0,10927.35,5625
_NF1,20181228,12:19,10927.9,10931.45,10927.0,10929.25,6975
_NF1,20181228,12:20,10930.0,10932.0,10930.0,10931.4,9600
_NF1,20181228,12:21,10931.4,10931.5,10928.85,10931.5,8700
_NF1,20181228,12:22,10931.5,10931.5,10927.05,10927.05,6150
_NF1,20181228,12:23,10927.15,10927.85,10924.8,10925.8,11925
_NF1,20181228,12:24,10925.0,10925.9,10923.5,10925.0,11325
_NF1,20181228,12:25,10925.0,10929.0,10924.5,10925.65,16500
_NF1,20181228,12:26,10925.65,10927.45,10925.65,10926.55,7875
_NF1,20181228,12:27,10926.55,10928.0,10925.0,10925.0,5475
_NF1,20181228,12:28,10925.0,10925.0,10920.8,10921.6,21825
_NF1,20181228,12:29,10921.6,10923.0,10920.0,10921.2,14250
_NF1,20181228,12:30,10921.2,10923.15,10920.05,10921.0,5475
_NF1,20181228,12:31,10921.0,10921.1,10917.4,10919.95,17475
_NF1,20181228,12:32,10919.95,10923.0,10919.0,10922.75,9075
_NF1,20181228,12:33,10922.75,10922.75,10916.0,10916.0,15150
_NF1,20181228,12:34,10915.75,10919.0,10915.35,10918.95,18375
_NF1,20181228,12:35,10917.65,10920.95,10917.5,10920.0,7650
_NF1,20181228,12:36,10920.0,10921.0,10918.0,10918.0,8175
_NF1,20181228,12:37,10918.0,10920.05,10916.3,10920.05,12525
_NF1,20181228,12:38,10920.05,10920.05,10918.1,10919.35,5025
_NF1,20181228,12:39,10919.4,10920.0,10915.6,10916.9,10575
_NF1,20181228,12:40,10915.2,10918.8,10915.2,10917.95,8550
_NF1,20181228,12:41,10917.95,10917.95,10916.6,10916.65,7200
_NF1,20181228,12:42,10916.65,10917.0,10916.0,10917.0,7725
_NF1,20181228,12:43,10917.0,10918.15,10916.3,10916.95,8625
_NF1,20181228,12:44,10916.75,10922.95,10916.75,10922.95,9825
_NF1,20181228,12:45,10922.95,10924.8,10921.9,10923.95,9375
_NF1,20181228,12:46,10923.95,10924.7,10922.0,10924.5,6375
_NF1,20181228,12:47,10924.5,10924.85,10920.0,10920.0,8175
_NF1,20181228,12:48,10920.0,10922.65,10919.55,10921.75,4575
_NF1,20181228,12:49,10921.75,10921.95,10919.3,10919.55,4275
_NF1,20181228,12:50,10919.55,10919.55,10917.55,10918.0,8850
_NF1,20181228,12:51,10918.0,10920.55,10917.95,10920.55,3975
_NF1,20181228,12:52,10920.55,10922.95,10920.0,10921.0,10275
_NF1,20181228,12:53,10921.0,10922.8,10918.05,10919.0,4725
_NF1,20181228,12:54,10919.0,10920.95,10918.75,10918.75,5100
_NF1,20181228,12:55,10918.75,10919.9,10916.0,10916.0,8175
_NF1,20181228,12:56,10916.9,10918.85,10916.05,10918.85,2925
_NF1,20181228,12:57,10918.85,10919.85,10918.1,10918.85,4800
_NF1,20181228,12:58,10919.2,10921.85,10919.2,10920.55,3900
_NF1,20181228,12:59,10920.55,10922.85,10920.55,10922.85,4950
_NF1,20181228,13:00,10922.85,10922.95,10920.0,10920.8,12975
_NF1,20181228,13:01,10920.8,10922.0,10920.0,10920.35,2325
_NF1,20181228,13:02,10920.35,10921.8,10920.0,10921.05,4575
_NF1,20181228,13:03,10921.05,10923.4,10920.0,10921.95,6750
_NF1,20181228,13:04,10921.95,10922.0,10921.45,10921.45,3150
_NF1,20181228,13:05,10921.45,10922.0,10921.0,10921.35,2775
_NF1,20181228,13:06,10921.35,10921.75,10919.95,10919.95,5700
_NF1,20181228,13:07,10919.95,10922.5,10919.95,10921.9,1725
_NF1,20181228,13:08,10921.0,10922.8,10921.0,10922.8,4875
_NF1,20181228,13:09,10922.8,10924.0,10922.05,10924.0,8625
_NF1,20181228,13:10,10924.0,10924.2,10922.0,10923.0,3375
_NF1,20181228,13:11,10924.0,10924.0,10922.8,10923.95,5475
_NF1,20181228,13:12,10923.0,10923.45,10921.0,10921.65,3300
_NF1,20181228,13:13,10921.7,10924.0,10921.05,10924.0,3000
_NF1,20181228,13:14,10923.35,10924.95,10923.35,10924.95,7875
_NF1,20181228,13:15,10924.9,10925.0,10924.35,10925.0,7875
_NF1,20181228,13:16,10925.0,10930.35,10924.95,10930.0,16875
_NF1,20181228,13:17,10930.0,10931.85,10929.05,10930.6,20550
_NF1,20181228,13:18,10929.0,10930.0,10926.0,10926.0,8175
_NF1,20181228,13:19,10927.9,10928.4,10927.0,10928.05,6450
_NF1,20181228,13:20,10928.05,10931.45,10927.3,10930.0,8175
_NF1,20181228,13:21,10930.05,10932.45,10930.05,10932.45,11625
_NF1,20181228,13:22,10932.45,10934.0,10931.65,10932.0,15600
_NF1,20181228,13:23,10932.0,10932.35,10928.75,10929.8,9000
_NF1,20181228,13:24,10930.0,10930.0,10928.0,10928.55,5400
_NF1,20181228,13:25,10928.85,10928.85,10928.1,10928.15,3300
_NF1,20181228,13:26,10928.5,10930.0,10927.0,10927.6,12300
_NF1,20181228,13:27,10928.0,10930.0,10927.55,10928.55,2850
_NF1,20181228,13:28,10928.55,10931.0,10928.5,10928.6,7200
_NF1,20181228,13:29,10928.6,10929.95,10928.6,10929.95,2250
_NF1,20181228,13:30,10929.95,10932.5,10929.0,10931.55,8925
_NF1,20181228,13:31,10931.55,10935.05,10931.55,10934.9,44325
_NF1,20181228,13:32,10933.6,10935.5,10931.35,10932.0,35775
_NF1,20181228,13:33,10932.7,10934.0,10931.05,10932.55,13275
_NF1,20181228,13:34,10932.55,10936.15,10932.55,10935.05,11550
_NF1,20181228,13:35,10935.05,10936.0,10934.05,10936.0,16200
_NF1,20181228,13:36,10935.95,10936.2,10934.1,10934.15,15300
_NF1,20181228,13:37,10936.0,10946.0,10934.55,10940.7,116775
_NF1,20181228,13:38,10940.7,10944.0,10940.0,10941.55,36000
_NF1,20181228,13:39,10941.55,10943.2,10938.35,10939.15,21375
_NF1,20181228,13:40,10939.15,10939.2,10933.05,10933.45,22800
_NF1,20181228,13:41,10933.45,10936.45,10932.05,10935.0,17925
_NF1,20181228,13:42,10935.0,10938.0,10935.0,10935.55,13350
_NF1,20181228,13:43,10935.55,10936.15,10934.0,10935.0,9675
_NF1,20181228,13:44,10935.0,10939.35,10935.0,10939.0,11775
_NF1,20181228,13:45,10938.5,10939.0,10931.75,10932.3,18075
_NF1,20181228,13:46,10932.35,10932.7,10929.25,10932.0,16275
_NF1,20181228,13:47,10932.0,10932.0,10930.6,10931.0,5550
_NF1,20181228,13:48,10931.0,10932.95,10930.45,10930.45,6750
_NF1,20181228,13:49,10930.45,10931.7,10926.55,10927.15,13725
_NF1,20181228,13:50,10927.75,10929.65,10926.0,10926.0,11850
_NF1,20181228,13:51,10925.65,10929.4,10925.65,10928.2,13800
_NF1,20181228,13:52,10929.45,10932.45,10928.25,10931.1,13425
_NF1,20181228,13:53,10931.05,10932.45,10931.0,10931.85,6375
_NF1,20181228,13:54,10931.85,10934.0,10931.35,10932.65,5775
_NF1,20181228,13:55,10933.4,10933.95,10931.05,10933.05,7200
_NF1,20181228,13:56,10933.05,10937.45,10932.15,10937.1,16200
_NF1,20181228,13:57,10938.0,10941.05,10937.6,10938.15,32925
_NF1,20181228,13:58,10938.15,10939.0,10931.9,10934.0,14475
_NF1,20181228,13:59,10934.0,10935.0,10933.0,10933.0,10050
_NF1,20181228,14:00,10932.85,10935.4,10932.05,10934.9,16500
_NF1,20181228,14:01,10934.9,10935.95,10934.35,10935.9,8175
_NF1,20181228,14:02,10934.95,10938.7,10934.65,10937.05,18300
_NF1,20181228,14:03,10937.05,10937.75,10936.0,10936.7,9825
_NF1,20181228,14:04,10936.65,10938.5,10936.0,10936.25,5100
_NF1,20181228,14:05,10936.25,10936.45,10934.5,10935.95,13950
_NF1,20181228,14:06,10935.0,10935.0,10930.25,10930.25,14850
_NF1,20181228,14:07,10930.25,10931.0,10927.4,10927.4,11625
_NF1,20181228,14:08,10928.0,10929.9,10927.45,10928.0,9525
_NF1,20181228,14:09,10928.0,10928.0,10927.3,10928.0,9750
_NF1,20181228,14:10,10928.0,10929.95,10927.5,10929.95,11025
_NF1,20181228,14:11,10928.15,10930.0,10928.0,10928.0,7725
_NF1,20181228,14:12,10928.0,10929.75,10921.0,10921.05,37125
_NF1,20181228,14:13,10921.5,10926.8,10920.6,10926.0,13725
_NF1,20181228,14:14,10926.45,10926.45,10920.2,10920.5,18300
_NF1,20181228,14:15,10920.3,10923.0,10916.6,10919.45,32925
_NF1,20181228,14:16,10918.8,10920.5,10918.05,10920.2,21150
_NF1,20181228,14:17,10920.2,10927.5,10920.2,10925.85,16200
_NF1,20181228,14:18,10925.85,10928.0,10925.15,10927.05,13125
_NF1,20181228,14:19,10927.05,10928.95,10921.95,10922.7,15300
_NF1,20181228,14:20,10922.0,10923.9,10921.8,10923.85,8775
_NF1,20181228,14:21,10924.45,10926.3,10922.15,10923.75,13350
_NF1,20181228,14:22,10923.7,10924.5,10922.9,10923.15,7800
_NF1,20181228,14:23,10923.15,10923.15,10920.0,10921.05,17400
_NF1,20181228,14:24,10922.8,10925.0,10921.1,10924.85,8625
_NF1,20181228,14:25,10924.8,10924.95,10921.55,10922.2,6150
_NF1,20181228,14:26,10921.25,10923.7,10921.25,10923.1,2925
_NF1,20181228,14:27,10923.05,10929.0,10923.05,10928.0,12600
_NF1,20181228,14:28,10928.0,10928.95,10923.65,10923.65,17325
_NF1,20181228,14:29,10925.95,10925.95,10921.0,10921.0,15825
_NF1,20181228,14:30,10921.0,10923.4,10918.1,10920.0,19950
_NF1,20181228,14:31,10920.0,10922.45,10917.85,10918.0,13275
_NF1,20181228,14:32,10918.0,10922.95,10917.55,10921.55,12300
_NF1,20181228,14:33,10921.9,10922.85,10918.85,10922.3,12150
_NF1,20181228,14:34,10921.55,10924.0,10920.0,10921.15,9375
_NF1,20181228,14:35,10921.7,10923.85,10921.7,10923.85,8625
_NF1,20181228,14:36,10922.0,10927.95,10922.0,10925.1,15375
_NF1,20181228,14:37,10925.1,10929.9,10925.0,10928.75,10125
_NF1,20181228,14:38,10929.0,10934.85,10929.0,10932.3,33225
_NF1,20181228,14:39,10933.1,10934.0,10928.95,10929.1,16725
_NF1,20181228,14:40,10929.1,10932.9,10929.1,10932.9,9300
_NF1,20181228,14:41,10933.15,10937.45,10932.75,10936.5,25800
_NF1,20181228,14:42,10936.5,10937.0,10935.0,10936.15,10350
_NF1,20181228,14:43,10937.0,10939.8,10935.75,10936.0,24600
_NF1,20181228,14:44,10935.5,10936.0,10933.1,10934.0,31950
_NF1,20181228,14:45,10934.0,10935.8,10934.0,10934.4,19125
_NF1,20181228,14:46,10934.4,10937.0,10934.05,10936.05,16650
_NF1,20181228,14:47,10936.7,10938.35,10936.0,10938.0,23175
_NF1,20181228,14:48,10938.0,10938.3,10934.0,10934.0,24525
_NF1,20181228,14:49,10934.0,10934.1,10929.1,10930.95,19125
_NF1,20181228,14:50,10930.95,10936.45,10930.95,10935.0,13200
_NF1,20181228,14:51,10934.15,10935.0,10930.7,10931.0,13725
_NF1,20181228,14:52,10931.0,10932.0,10930.7,10931.0,8475
_NF1,20181228,14:53,10931.0,10932.0,10930.7,10930.7,15450
_NF1,20181228,14:54,10928.0,10929.4,10925.0,10926.0,25800
_NF1,20181228,14:55,10926.0,10926.0,10920.05,10920.95,40425
_NF1,20181228,14:56,10920.95,10922.0,10918.0,10919.2,31125
_NF1,20181228,14:57,10919.5,10921.0,10918.0,10921.0,22950
_NF1,20181228,14:58,10920.95,10922.0,10916.45,10916.45,27225
_NF1,20181228,14:59,10915.5,10917.0,10913.9,10917.0,43425
_NF1,20181228,15:00,10917.05,10920.2,10917.05,10919.0,20925
_NF1,20181228,15:01,10919.0,10922.6,10918.4,10918.45,24075
_NF1,20181228,15:02,10918.0,10921.2,10917.1,10920.8,25950
_NF1,20181228,15:03,10921.2,10923.7,10917.1,10917.1,19800
_NF1,20181228,15:04,10917.65,10917.65,10909.8,10912.0,65775
_NF1,20181228,15:05,10912.85,10913.9,10906.0,10907.55,60825
_NF1,20181228,15:06,10907.3,10910.4,10905.1,10905.2,49200
_NF1,20181228,15:07,10904.0,10907.25,10901.05,10906.4,73725
_NF1,20181228,15:08,10909.4,10911.2,10907.3,10907.55,33750
_NF1,20181228,15:09,10908.15,10908.45,10904.0,10906.0,30150
_NF1,20181228,15:10,10906.0,10909.9,10902.55,10908.3,39975
_NF1,20181228,15:11,10908.55,10911.35,10906.0,10906.65,30150
_NF1,20181228,15:12,10906.65,10908.1,10903.05,10903.05,33525
_NF1,20181228,15:13,10903.0,10906.0,10901.0,10903.45,54225
_NF1,20181228,15:14,10903.85,10903.85,10901.05,10902.5,38100
_NF1,20181228,15:15,10902.7,10902.7,10897.35,10901.55,92700
_NF1,20181228,15:16,10901.55,10906.65,10901.55,10904.75,60375
_NF1,20181228,15:17,10904.9,10905.45,10902.1,10904.15,42150
_NF1,20181228,15:18,10904.15,10905.55,10902.5,10904.0,31725
_NF1,20181228,15:19,10904.45,10905.0,10902.0,10903.0,42375
_NF1,20181228,15:20,10902.75,10908.9,10902.05,10908.1,62100
_NF1,20181228,15:21,10908.9,10910.75,10908.0,10908.6,64200
_NF1,20181228,15:22,10908.5,10908.55,10905.05,10907.0,39600
_NF1,20181228,15:23,10907.0,10909.75,10905.4,10905.7,58350
_NF1,20181228,15:24,10905.7,10906.2,10904.65,10905.6,52125
_NF1,20181228,15:25,10905.6,10909.45,10905.6,10908.0,47625
_NF1,20181228,15:26,10909.2,10910.85,10908.35,10910.2,61575
_NF1,20181228,15:27,10910.85,10911.9,10909.55,10911.75,85200
_NF1,20181228,15:28,10911.8,10912.4,10910.15,10910.9,86850
_NF1,20181228,15:29,10911.2,10914.0,10910.0,10910.0,85200
